# Data saved by Python For the Lab
# First Column X-Axis channel: 0, units: volt
# Second Column Y-Axis channel: 0, units: volt
0.00000 0.09983
0.10000 0.19867
0.20000 0.29552
0.30000 0.38942
0.40000 0.47943
0.50000 0.56464
0.60000 0.64422
0.70000 0.71736
0.80000 0.78333
0.90000 0.84147
1.00000 0.89121
1.10000 0.93204
1.20000 0.96356
1.30000 0.98545
1.40000 0.99749
1.50000 0.99957
1.60000 0.99166
1.70000 0.97385
1.80000 0.94630
1.90000 0.90930
2.00000 0.86321
2.10000 0.80850
2.20000 0.74571
2.30000 0.67546
2.40000 0.59847
2.50000 0.51550
2.60000 0.42738
2.70000 0.33499
2.80000 0.23925
2.90000 0.14112
3.00000 0.04158
3.10000 -0.05837
3.20000 -0.15775
3.30000 -0.25554
